Rio,Estacion,Long_cm,Peso_g,Conc_ppm
.00,.00,47.00,1616.00,1.60
.00,.00,48.70,1862.00,1.50
.00,.00,55.70,2855.00,1.70
.00,.00,45.20,1199.00,.73
.00,.00,44.70,1320.00,.56
.00,.00,43.80,1225.00,.51
.00,.00,38.50,870.00,.48
.00,.00,45.80,1455.00,.95
.00,.00,44.00,1220.00,1.40
.00,.00,40.40,1033.00,.50
.00,1.00,47.70,3378.00,.80
.00,1.00,45.10,2920.00,.34
.00,1.00,43.50,2674.00,.54
.00,1.00,47.40,3675.00,.69
.00,1.00,41.00,1904.00,.90
.00,1.00,33.70,1080.00,.48
.00,1.00,33.50,1146.00,.57
.00,1.00,32.20,1002.00,.41
.00,1.00,32.00,894.00,.61
.00,1.00,29.50,754.00,.38
.00,1.00,34.90,1174.00,.61
.00,1.00,47.10,1435.00,1.50
.00,1.00,44.20,1378.00,.72
.00,1.00,41.00,1059.00,1.80
.00,1.00,41.60,873.00,1.60
.00,1.00,39.00,857.00,.98
.00,1.00,38.00,743.00,.88
.00,1.00,36.10,622.00,1.50
.00,1.00,33.40,503.00,.73
.00,2.00,32.80,406.00,1.20
.00,2.00,31.40,362.00,1.10
.00,2.00,33.60,360.00,1.60
.00,2.00,29.50,313.00,.87
.00,2.00,30.50,314.00,.90
.00,2.00,27.00,238.00,.91
.00,2.00,30.00,336.00,.61
.00,2.00,30.00,329.00,.85
.00,2.00,33.50,448.00,.99
.00,2.00,31.00,263.00,1.50
.00,2.00,29.00,271.00,.70
.00,2.00,65.00,4511.00,2.10
.00,2.00,58.00,3597.00,1.50
.00,3.00,36.00,600.00,1.50
.00,3.00,36.00,650.00,.91
.00,3.00,44.00,1132.00,1.80
.00,3.00,40.50,863.00,1.10
.00,3.00,38.50,773.00,1.30
.00,3.00,40.00,898.00,1.20
.00,3.00,44.50,1301.00,1.60
.00,3.00,50.50,2021.00,1.20
.00,3.00,50.00,1883.00,1.20
.00,3.00,47.00,1546.00,1.20
.00,4.00,26.00,234.00,.28
.00,4.00,30.00,323.00,.51
.00,4.00,30.00,430.00,.27
.00,4.00,29.00,353.00,.35
.00,4.00,31.00,402.00,.57
.00,4.00,41.00,1042.00,.66
.00,4.00,36.50,723.00,.49
.00,4.00,38.00,709.00,.51
.00,4.00,44.00,1455.00,.73
.00,4.00,27.50,308.00,.94
.00,4.00,39.00,879.00,1.40
.00,4.00,48.00,1396.00,2.70
.00,4.00,51.50,2369.00,1.80
.00,4.00,56.00,3421.00,3.10
.00,5.00,30.50,400.00,.50
.00,5.00,42.00,1049.00,1.20
.00,5.00,34.00,678.00,.55
.00,6.00,50.50,2228.00,3.50
.00,6.00,44.50,1853.00,2.70
.00,6.00,30.00,380.00,1.40
.00,6.00,35.00,620.00,.73
1.00,7.00,30.40,320.00,.51
1.00,7.00,25.20,217.00,.23
1.00,7.00,36.00,574.00,1.60
1.00,7.00,29.90,298.00,.48
1.00,7.00,34.70,491.00,.58
1.00,7.00,34.70,491.00,.58
1.00,7.00,31.70,407.00,.50
1.00,7.00,34.50,496.00,.58
1.00,7.00,40.10,805.00,1.40
1.00,7.00,30.70,315.00,.44
1.00,8.00,33.00,518.00,.55
1.00,8.00,40.50,970.00,.84
1.00,8.00,32.00,421.00,.65
1.00,8.00,37.00,673.00,.76
1.00,8.00,35.50,550.00,.65
1.00,8.00,30.00,331.00,.50
1.00,8.00,40.00,856.00,1.10
1.00,8.00,35.00,487.00,1.00
1.00,8.00,39.50,923.00,1.20
1.00,8.00,31.00,415.00,.53
1.00,8.00,31.50,521.00,.74
1.00,8.00,30.00,348.00,.41
1.00,8.00,33.00,440.00,.78
1.00,8.00,47.00,586.00,1.30
1.00,9.00,54.00,2664.00,1.80
1.00,9.00,57.60,3283.00,1.40
1.00,9.00,46.20,1573.00,.75
1.00,10.00,34.80,491.00,.57
1.00,10.00,34.50,560.00,.69
1.00,10.00,38.50,870.00,1.80
1.00,10.00,40.00,864.00,.93
1.00,10.00,46.40,1285.00,3.40
1.00,10.00,41.90,1188.00,2.40
1.00,10.00,46.20,1365.00,.88
1.00,10.00,47.30,1632.00,1.50
1.00,10.00,47.10,1725.00,1.80
1.00,10.00,39.00,977.00,1.50
1.00,10.00,56.50,2451.00,2.10
1.00,10.00,46.10,1327.00,.91
1.00,10.00,28.50,303.00,.61
1.00,10.00,25.50,203.00,.76
1.00,10.00,40.20,796.00,.86
1.00,10.00,44.50,1202.00,2.20
1.00,10.00,36.50,566.00,2.90
1.00,10.00,33.30,460.00,.89
1.00,10.00,28.30,274.00,.50
1.00,10.00,46.00,1342.00,2.20
1.00,10.00,36.70,647.00,2.40
1.00,11.00,39.00,844.00,.69
1.00,11.00,53.00,3026.00,2.70
1.00,11.00,43.00,1258.00,.90
1.00,11.00,47.20,1699.00,1.90
1.00,11.00,36.50,656.00,.65
1.00,11.00,43.20,1356.00,1.20
1.00,11.00,41.50,1018.00,.83
1.00,11.00,36.00,874.00,1.30
1.00,11.00,36.20,708.00,1.30
1.00,12.00,27.30,250.00,.28
1.00,12.00,26.70,252.00,.21
1.00,12.00,27.50,283.00,.14
1.00,12.00,39.00,743.00,.39
1.00,12.00,33.90,465.00,.39
1.00,12.00,29.60,329.00,.90
1.00,12.00,46.50,1292.00,.64
1.00,12.00,57.50,2401.00,1.40
1.00,12.00,49.00,1891.00,.58
1.00,12.00,34.90,498.00,.42
1.00,12.00,29.00,307.00,.11
1.00,12.00,31.50,376.00,.28
1.00,12.00,38.20,573.00,.59
1.00,13.00,28.60,338.00,1.10
1.00,13.00,36.80,714.00,1.60
1.00,13.00,43.40,1251.00,1.30
1.00,13.00,48.10,1801.00,.88
1.00,14.00,50.80,2131.00,1.80
1.00,14.00,46.80,1604.00,1.80
1.00,14.00,40.20,1090.00,1.20
1.00,14.00,58.70,3314.00,2.90
1.00,14.00,56.10,2629.00,3.40
1.00,14.00,48.00,1743.00,1.90
1.00,14.00,44.70,1454.00,2.40
1.00,14.00,43.60,1245.00,1.80
1.00,14.00,37.60,937.00,2.40
1.00,14.00,40.00,869.00,1.40
1.00,14.00,37.40,879.00,1.60
1.00,14.00,46.50,772.00,1.70
1.00,14.00,36.00,724.00,1.30
1.00,15.00,50.40,1744.00,.93
1.00,15.00,59.20,3524.00,3.60
1.00,15.00,58.40,2902.00,3.50
1.00,15.00,54.00,2709.00,2.40
1.00,15.00,53.70,2625.00,2.90
1.00,15.00,49.50,1924.00,2.30
1.00,15.00,47.50,1546.00,1.40
1.00,15.00,54.20,3164.00,2.10
1.00,15.00,45.40,1710.00,1.70
1.00,15.00,41.70,1255.00,1.40
1.00,15.00,36.00,702.00,.92
